https://api.scryfall.com/cards/search?order=name&q=set=rna
151
91
152
92
2
1
153
3
31
4
61
121
243
154
231
155
62
156
221
157
32
122
123
158
64
63
245
65
159
246
5
93
94
160
222
66
67
95
271
33
161
6
96
162
34
68
35
223
163
7
224
69
36
70
164
97
71
72
98
225
165
166
269
272
265
167
168
268
267
73
99
266
169
124
125
37
170
8
38
39
100
171
172
101
74
216
9
264
173
174
175
126
232
102
247
40
176
103
127
233
104
248
177
105
75
128
178
129
249
234
179
130
76
180
10
181
251
11
182
41
183
77
106
12
184
131
226
261
185
235
13
186
187
14
188
189
190
107
15
191
132
42
43
16
108
192
263
193
78
133
79
252
236
80
44
81
194
82
260
254
45
83
195
17
46
47
48
196
270
197
255
237
198
199
84
data true
https://api.scryfall.com/cards/search?format=json&include_extras=false&include_multilingual=false&order=name&page=2&q=set%3Drna&unique=cards
18
134
135
200
136
227
19
228
201
109
137
111
202
110
217
112
49
138
139
140
203
113
238
239
218
50
219
204
20
205
206
51
141
207
257
240
114
52
115
53
21
54
116
22
85
117
55
208
241
209
118
86
23
142
259
143
119
24
210
262
56
144
211
25
26
145
212
213
273
87
57
229
120
146
27
242
147
148
28
29
88
89
58
90
220
59
230
30
149
60
150
214
215
